O View White Spaces  08:00:03

   11      11              11      11              11     111   
  1  1    1  1     11     1  1    1  1     11     1  1       1  
  1  1     11             1  1    1  1            1  1     11   
  1  1    1  1            1  1    1  1            1  1       1  
  1  1    1  1     11     1  1    1  1     11     1  1       1  
   11      11              11      11              11     111   

CPU Usage:  14.8%
RAM Usage:  43.2%
Disk Usage:   8.3%
Network: ↑    7.4KB ↓  290.0KB
FPS:    1.0
Temp: N/A

--- Binary Live Feed ---
1000000000000000000000000000000000000000000000000000000011111111
1000000000000000000000000000000000000011111111111111111111111111
1000000000000000000000000000000000000000000000000000000000001111
0000000000000000000000000000000000000000000000000000000000000000
1000000000000000000000000000000000000000000000011111111111111111
0000000000000000000000000000000000000000000000000000000000000000
0000000000000000000000000000000000000000000000000000000000000000
----------------------------------------------------------------

